@Using Triangular Membership Functions as antecedent fuzzy sets
@Number of Labels per variable: 3

10.57130019782533:
 L_1: (-7.812420030943572,0.12237398308782588,8.057167997119222)
 L_2: (0.12237398308782588,8.057167997119222,15.99196201115062)
 L_3: (8.057167997119222,15.99196201115062,23.92675602518202)

14.822555594677107:
 L_1: (-7.634598539212242,0.23625532947876948,8.10710919816978)
 L_2: (0.23625532947876948,8.10710919816978,15.977963066860793)
 L_3: (8.10710919816978,15.977963066860793,23.848816935551806)
